S2  1
0 59 38 33 30 17 8 63 
37 34 31 60 9 62 29 16 
58 1 36 39 32 27 18 7 
35 48 41 26 61 10 15 28 
42 57 2 49 40 23 6 19 
47 50 45 54 25 20 11 14 
56 43 52 3 22 13 24 5 
51 46 55 44 53 4 21 12 
22222
2233
2323
2332
235
253
3223
3232
325
3322
352
37
523
532
55
73
total_permutations: 16
=========================
22222
2233
235
37
55
total_combinations: 5
=========================
235
253
325
352
37
523
532
73
total_permutations_Single_coin: 8
==========================
235
37
total_combination_using_one_coin_one_time: 2
===========================
235
37
total_combination_using_one_coin_one_time_subs: 2
============================
22222
2233
2323
2332
235
253
3223
3232
325
3322
352
37
523
532
55
73
total_permutations_subs: 16
============================
22222
2233
235
37
55
total_combinations_subs: 5
============================
235
253
325
352
37
523
532
73
total_permu_single_use_subs: 8
